20 129
5 17
16 3
4 17
4 10
10 10 114
0 1 3 1 65
0 9 3 9 55
0 10 3 10 55
0 14 3 14 55
2 8 3 8 55
2 17 4 17 55
3 0 3 1 65
3 1 3 8 55
3 1 4 1 65
3 8 3 9 55
3 8 4 8 55
3 9 3 10 55
3 9 4 9 55
3 10 3 14 55
3 10 4 10 55
3 14 3 15 55
3 14 4 14 55
4 1 4 8 55
4 1 5 1 65
4 8 4 9 55
4 8 5 8 45
4 9 4 10 55
4 9 5 9 45
4 10 4 14 55
4 10 5 10 45
4 14 4 17 55
4 14 5 14 45
4 17 5 17 55
5 0 5 1 65
5 1 5 8 45
5 1 8 1 65
5 8 5 9 45
5 8 8 8 35
5 9 5 10 45
5 9 8 9 35
5 10 5 14 45
5 10 8 10 35
5 14 5 17 45
5 14 8 14 45
5 17 5 19 55
5 17 8 17 55
7 3 10 3 55
8 5 8 8 35
8 5 10 5 45
8 8 8 9 35
8 8 9 8 35
8 9 8 10 35
8 9 9 9 25
8 10 8 14 35
8 10 9 10 25
8 14 8 17 45
8 14 9 14 45
8 17 8 19 55
8 17 9 17 55
9 5 9 8 35
9 8 9 9 25
9 8 10 8 35
9 9 9 10 25
9 9 10 9 25
9 10 9 14 25
9 10 11 10 25
9 14 9 17 45
9 14 10 14 45
9 17 9 19 55
9 17 10 17 55
10 3 10 5 45
10 3 11 3 55
10 5 10 8 35
10 5 11 5 45
10 8 10 9 25
10 8 11 8 35
10 9 11 9 25
10 10 10 14 25
10 14 10 17 45
10 14 12 14 45
10 17 12 17 55
11 0 11 3 55
11 3 11 5 45
11 3 13 3 55
11 5 11 8 35
11 5 13 5 45
11 8 11 9 25
11 9 11 10 25
11 9 13 9 25
11 10 13 10 25
12 12 12 14 35
12 14 12 17 45
12 14 14 14 45
12 17 12 19 55
12 17 17 17 55
13 0 13 3 55
13 3 13 5 45
13 3 14 3 55
13 5 13 9 35
13 5 14 5 45
13 9 13 10 35
13 9 14 9 35
13 10 13 12 35
13 10 14 10 35
14 0 14 3 55
14 3 14 5 45
14 3 16 3 55
14 5 14 9 45
14 5 16 5 45
14 9 14 10 45
14 9 16 9 45
14 10 14 14 45
14 10 16 10 45
14 14 14 15 45
14 14 15 14 45
16 2 16 3 55
16 3 16 5 55
16 3 17 3 55
16 5 16 9 55
16 5 17 5 55
16 9 16 10 55
16 9 17 9 55
16 10 16 12 55
16 10 17 10 55
17 0 17 3 55
17 3 17 5 55
17 3 19 3 55
17 5 17 9 55
17 5 19 5 55
17 9 17 10 55
17 9 19 9 55
17 10 17 17 55
17 17 17 19 55
17 17 19 17 55
